{
	"distance_matrix": [
        [
          0,
          626,
          445,
          593,
          548,
          299,
          571,
          583,
          217,
          244
        ],
        [
          626,
          0,
          284,
          42,
          88,
          332,
          156,
          284,
          468,
          387
        ],
        [
          445,
          284,
          0,
          261,
          208,
          171,
          207,
          144,
          287,
          201
        ],
        [
          593,
          42,
          261,
          0,
          57,
          299,
          136,
          264,
          434,
          354
        ],
        [
          548,
          88,
          208,
          57,
          0,
          254,
          95,
          223,
          389,
          309
        ],
        [
          299,
          332,
          171,
          299,
          254,
          0,
          284,
          301,
          138,
          58
        ],
        [
          571,
          156,
          207,
          136,
          95,
          284,
          0,
          141,
          412,
          327
        ],
        [
          583,
          284,
          144,
          264,
          223,
          301,
          141,
          0,
          424,
          339
        ],
        [
          217,
          468,
          287,
          434,
          389,
          138,
          412,
          424,
          0,
          87
        ],
        [
          244,
          387,
          201,
          354,
          309,
          58,
          327,
          339,
          87,
          0
        ]
      ],
	"demands": [
        0, 1, 1, 2, 4, 2, 4, 8, 8, 1
    ],
    "vehicle_capacities": [
        7, 7, 8, 7,
        7, 7, 7, 7,
        7, 7
    ],
	"num_vehicles": 10,
	"depot": 0
}
