{
	"distance_matrix": [
        [0, 728, 757, 1392, 526, 348, 636, 923, 933, 1137, 437, 341, 712, 840, 908, 912, 1044, 1109, 1175, 1205, 1268],
        [728, 0, 80, 695, 295, 507, 263, 365, 236, 455, 628, 564, 49, 143, 212, 355, 347, 413, 479, 509, 571],
        [757, 80, 0, 729, 324, 536, 196, 440, 269, 489, 657, 594, 98, 177, 245, 430, 381, 446, 512, 542, 605],
        [1392, 695, 729, 0, 960, 1172, 912, 570, 470, 340, 1292, 1229, 739, 558, 513, 511, 390, 256, 245, 190, 237],
        [526, 295, 324, 960, 0, 286, 255, 465, 500, 681, 408, 363, 259, 408, 476, 455, 565, 677, 743, 773, 836],
        [348, 507, 536, 1172, 286, 0, 415, 683, 712, 888, 131, 258, 491, 619, 688, 672, 783, 889, 955, 985, 1048],
        [636, 263, 196, 912, 255, 415, 0, 623, 453, 673, 536, 378, 269, 360, 429, 613, 564, 630, 696, 726, 788],
        [923, 365, 440, 570, 465, 683, 623, 0, 234, 268, 804, 760, 373, 240, 198, 70, 181, 287, 353, 383, 446],
        [933, 236, 269, 470, 500, 712, 453, 234, 0, 231, 833, 769, 279, 99, 77, 175, 123, 187, 254, 284, 346],
        [1137, 455, 489, 340, 681, 888, 673, 268, 231, 0, 1019, 974, 499, 318, 263, 236, 110, 139, 123, 153, 212],
        [437, 628, 657, 1292, 408, 131, 536, 804, 833, 1019, 0, 347, 612, 740, 809, 794, 904, 1010, 1076, 1106, 1168],
        [341, 564, 594, 1229, 363, 258, 378, 760, 769, 974, 347, 0, 549, 677, 745, 749, 881, 946, 1012, 1042, 1105],
        [712, 49, 98, 739, 259, 491, 269, 373, 279, 499, 612, 549, 0, 186, 255, 363, 391, 456, 522, 552, 615],
        [840, 143, 177, 558, 408, 619, 360, 240, 99, 318, 740, 677, 186, 0, 72, 230, 210, 276, 342, 372, 434],
        [908, 212, 245, 513, 476, 688, 429, 198, 77, 263, 809, 745, 255, 72, 0, 139, 165, 231, 297, 326, 389],
        [912, 355, 430, 511, 455, 672, 613, 70, 175, 236, 794, 749, 363, 230, 139, 0, 122, 228, 294, 324, 387],
        [1044, 347, 381, 390, 565, 783, 564, 181, 123, 110, 904, 881, 391, 210, 165, 122, 0, 107, 173, 203, 266],
        [1109, 413, 446, 256, 677, 889, 630, 287, 187, 139, 1010, 946, 456, 276, 231, 228, 107, 0, 78, 139, 202],
        [1175, 479, 512, 245, 743, 955, 696, 353, 254, 123, 1076, 1012, 522, 342, 297, 294, 173, 78, 0, 59, 122],
        [1205, 509, 542, 190, 773, 985, 726, 383, 284, 153, 1106, 1042, 552, 372, 326, 324, 203, 139, 59, 0, 73],
        [1268, 571, 605, 237, 836, 1048, 788, 446, 346, 212, 1168, 1105, 615, 434, 389, 387, 266, 202, 122, 73, 0]
        ],
	"num_vehicles": 4,
	"depot": 0,
	"travel distance": 3000
}
