{
	"distance_matrix": [
    [ 0, 81, 87, 327, 71, 112, 43, 397, 71, 18, 6, 300, 736, 4, 66, 100, 223, 409, 24, 29, 195, 82, 277, 122, 303, 560, 384, 271, 14, 86, 111, 27, 164, 225, 291, 135, 123, 69, 54, 161, 113, 98, 72, 102, 291, 263, 27, 719, 367, 27, 575, 222, 71, 57, 288, 112, 395, 32, 246, 175, 259, 74, 86, 28, 17, 128, 405, 64, 88, 114, 405, 160, 36, 28, 71, 70, 61, 269, 256, 217, 4, 71, 273, 7, 8, 117, 4, 30, 277, 254, 156, 47, 363, 306, 119, 37, 368, 102, 285, 316, 369, 419, 213, 108, 421, 521, 287, 214, 64, 4, 8, 2, 114, 9, 321, 316, 279, 61, 190, 327, 3, 19, 389, 274, 382, 7, 9, 61, 236, 50, 75, 249, 900, 29, 29, 306, 110, 67, 416, 600, 5, 6, 226, 101, 284, 310, 8, 61, 75, 61, 27, 305, 29, 18, 22, 222, 115, 69, 51, 3, 40, 186, 274, 321, 327, 217, 75, 4, 3, 63, 91, 310, 48, 35, 251, 83, 301, 56, 17, 458, 23, 82, 35, 105, 1, 3, 248, 285, 213, 738, 73, 157, 29, 28, 509, 228, 37, 16],
    [ 81, 0, 28, 385, 34, 182, 52, 359, 34, 100, 86, 234, 806, 83, 69, 171, 186, 467, 75, 111, 115, 47, 208, 192, 237, 609, 441, 233, 86, 28, 181, 107, 127, 145, 211, 97, 129, 16, 125, 124, 76, 44, 142, 173, 361, 184, 98, 789, 329, 58, 627, 141, 34, 127, 250, 182, 453, 102, 316, 95, 192, 55, 156, 74, 64, 90, 368, 134, 51, 76, 367, 231, 106, 55, 35, 33, 132, 231, 187, 130, 77, 34, 235, 86, 86, 79, 82, 51, 240, 173, 118, 117, 326, 268, 65, 68, 288, 172, 247, 247, 303, 476, 138, 178, 479, 573, 250, 134, 135, 83, 87, 78, 184, 87, 252, 247, 242, 131, 152, 290, 77, 90, 308, 236, 452, 80, 88, 131, 198, 64, 38, 212, 971, 99, 62, 240, 180, 32, 378, 671, 85, 86, 145, 171, 246, 277, 86, 132, 38, 132, 56, 239, 100, 64, 92, 142, 31, 32, 121, 81, 72, 105, 205, 284, 290, 136, 38, 77, 84, 22, 54, 380, 39, 105, 183, 162, 263, 127, 97, 420, 93, 3, 105, 175, 81, 82, 211, 248, 133, 808, 36, 227, 100, 98, 579, 190, 107, 94],
    [ 87, 28, 0, 365, 22, 187, 94, 339, 22, 106, 92, 242, 811, 89, 79, 176, 165, 446, 81, 117, 114, 35, 218, 198, 245, 588, 421, 212, 92, 1, 186, 113, 106, 144, 210, 76, 129, 41, 130, 103, 55, 24, 147, 178, 367, 182, 104, 794, 309, 91, 607, 140, 22, 133, 230, 187, 432, 108, 322, 94, 202, 74, 162, 80, 70, 69, 347, 139, 30, 56, 347, 236, 112, 88, 18, 28, 137, 210, 197, 129, 83, 22, 215, 92, 92, 59, 88, 57, 220, 173, 97, 122, 305, 247, 45, 102, 287, 177, 227, 258, 311, 456, 155, 183, 458, 552, 229, 133, 141, 88, 93, 84, 190, 93, 263, 258, 222, 137, 132, 269, 83, 96, 308, 216, 458, 86, 94, 137, 178, 107, 20, 191, 963, 105, 96, 248, 186, 23, 358, 676, 91, 92, 144, 177, 226, 256, 92, 137, 20, 137, 90, 248, 105, 69, 98, 141, 34, 27, 127, 87, 105, 104, 215, 263, 270, 136, 20, 83, 90, 48, 34, 387, 46, 111, 193, 152, 242, 132, 103, 400, 99, 27, 111, 180, 87, 88, 190, 227, 132, 813, 18, 232, 105, 104, 585, 170, 113, 100],
    [ 327, 385, 365, 0, 352, 280, 432, 656, 352, 304, 323, 559, 647, 323, 331, 260, 483, 89, 418, 331, 474, 341, 534, 271, 563, 238, 64, 530, 326, 364, 279, 328, 423, 503, 569, 394, 488, 418, 309, 420, 372, 359, 279, 263, 230, 542, 311, 630, 473, 336, 256, 500, 352, 312, 547, 280, 81, 325, 166, 454, 518, 433, 284, 325, 406, 387, 664, 294, 346, 373, 664, 258, 322, 425, 350, 365, 300, 528, 513, 476, 323, 352, 365, 320, 323, 376, 324, 393, 536, 532, 415, 304, 481, 565, 387, 344, 646, 263, 544, 573, 629, 105, 472, 284, 101, 201, 547, 492, 273, 323, 321, 325, 275, 314, 578, 573, 539, 270, 271, 587, 324, 312, 668, 366, 293, 327, 312, 299, 495, 444, 346, 508, 612, 300, 337, 565, 219, 363, 675, 511, 322, 323, 504, 262, 544, 569, 314, 300, 346, 300, 336, 564, 315, 406, 308, 501, 393, 364, 325, 324, 348, 465, 531, 580, 586, 476, 346, 323, 324, 412, 355, 209, 382, 294, 509, 234, 560, 305, 313, 582, 306, 387, 328, 266, 328, 319, 507, 544, 491, 649, 348, 310, 315, 308, 373, 487, 330, 306],
    [ 71, 34, 22, 352, 0, 172, 79, 334, 0, 90, 76, 236, 796, 73, 63, 160, 160, 434, 65, 101, 131, 13, 213, 182, 240, 576, 408, 207, 76, 22, 171, 97, 101, 161, 227, 71, 145, 50, 115, 98, 50, 27, 132, 162, 351, 199, 88, 779, 303, 76, 594, 158, 0, 117, 225, 172, 419, 92, 306, 111, 197, 91, 146, 64, 54, 64, 342, 124, 16, 51, 341, 221, 96, 73, 5, 7, 121, 205, 192, 154, 67, 0, 202, 76, 76, 54, 72, 41, 214, 190, 92, 107, 300, 243, 48, 86, 304, 162, 221, 253, 306, 443, 150, 168, 445, 539, 224, 150, 125, 73, 77, 68, 174, 77, 258, 253, 216, 121, 119, 264, 67, 80, 325, 203, 442, 70, 78, 121, 172, 91, 6, 186, 950, 89, 80, 243, 170, 5, 353, 660, 76, 76, 162, 161, 221, 251, 76, 122, 6, 121, 74, 242, 90, 54, 82, 158, 51, 6, 111, 71, 90, 122, 211, 258, 264, 154, 6, 67, 74, 60, 22, 370, 30, 95, 188, 139, 237, 117, 87, 394, 83, 36, 96, 164, 71, 72, 185, 222, 149, 798, 7, 217, 90, 88, 569, 164, 97, 84],
    [ 112, 182, 187, 280, 172, 0, 138, 498, 172, 104, 117, 401, 630, 114, 167, 18, 325, 385, 127, 99, 296, 183, 377, 7, 404, 455, 359, 371, 111, 187, 4, 100, 265, 326, 392, 235, 215, 170, 64, 263, 214, 199, 94, 13, 186, 365, 92, 613, 468, 120, 471, 323, 172, 67, 389, 4, 361, 97, 142, 276, 361, 166, 39, 139, 129, 228, 506, 84, 190, 215, 506, 55, 87, 123, 172, 171, 55, 369, 356, 318, 108, 172, 374, 117, 117, 218, 113, 145, 378, 355, 257, 76, 464, 406, 221, 129, 469, 20, 386, 417, 470, 385, 314, 9, 397, 417, 388, 315, 108, 114, 118, 109, 4, 106, 421, 417, 381, 138, 291, 428, 108, 96, 490, 375, 277, 111, 108, 54, 337, 142, 176, 351, 795, 101, 122, 407, 125, 169, 516, 495, 116, 117, 327, 19, 385, 415, 106, 55, 176, 55, 121, 407, 94, 129, 99, 323, 216, 170, 80, 112, 132, 286, 374, 422, 429, 318, 176, 108, 115, 164, 192, 206, 149, 112, 352, 193, 401, 60, 128, 559, 98, 184, 90, 14, 112, 113, 349, 386, 314, 632, 174, 51, 94, 93, 404, 328, 95, 97],
    [ 43, 52, 94, 432, 79, 138, 0, 405, 79, 55, 49, 308, 762, 45, 74, 127, 232, 513, 27, 38, 167, 90, 284, 148, 311, 655, 488, 279, 32, 94, 136, 33, 173, 198, 264, 142, 85, 37, 80, 170, 122, 106, 91, 129, 317, 237, 53, 745, 375, 17, 674, 194, 79, 83, 297, 138, 499, 43, 272, 148, 268, 36, 112, 51, 40, 135, 413, 90, 97, 123, 413, 187, 46, 15, 80, 78, 87, 277, 263, 183, 39, 79, 282, 48, 48, 126, 44, 52, 286, 226, 165, 73, 371, 314, 128, 25, 275, 128, 293, 324, 377, 523, 221, 134, 525, 619, 295, 186, 90, 45, 49, 40, 140, 50, 329, 324, 288, 86, 199, 335, 40, 43, 297, 282, 408, 40, 50, 87, 244, 12, 83, 258, 926, 54, 20, 314, 135, 76, 424, 627, 46, 49, 198, 127, 292, 323, 49, 88, 83, 87, 17, 314, 55, 40, 47, 134, 69, 78, 53, 43, 28, 158, 282, 330, 336, 189, 83, 39, 45, 32, 100, 336, 57, 60, 259, 125, 308, 82, 60, 466, 48, 52, 42, 131, 43, 44, 257, 293, 186, 764, 81, 183, 55, 49, 535, 236, 40, 49],
    [ 397, 359, 339, 656, 334, 498, 405, 0, 334, 417, 403, 112, 1122, 399, 390, 486, 182, 738, 391, 428, 290, 340, 150, 508, 178, 880, 713, 136, 402, 339, 497, 424, 240, 264, 250, 281, 332, 348, 441, 257, 301, 321, 458, 488, 677, 364, 414, 1105, 256, 402, 899, 301, 334, 443, 110, 498, 724, 419, 633, 301, 160, 363, 473, 391, 380, 277, 291, 450, 316, 297, 272, 547, 423, 399, 330, 338, 448, 160, 180, 212, 393, 334, 344, 402, 402, 297, 399, 368, 141, 310, 251, 433, 252, 122, 300, 412, 468, 488, 117, 91, 189, 748, 210, 494, 750, 844, 116, 290, 451, 399, 404, 395, 500, 403, 89, 91, 135, 448, 424, 72, 394, 406, 490, 352, 768, 397, 404, 447, 196, 417, 324, 154, 1254, 416, 406, 104, 497, 336, 25, 986, 402, 403, 306, 487, 123, 136, 403, 448, 324, 448, 401, 103, 416, 380, 409, 323, 312, 338, 437, 398, 416, 291, 147, 113, 123, 212, 324, 393, 400, 387, 312, 697, 356, 422, 165, 443, 96, 443, 414, 366, 410, 361, 422, 491, 398, 398, 156, 117, 262, 1124, 325, 543, 416, 414, 896, 182, 424, 411],
    [ 71, 34, 22, 352, 0, 172, 79, 334, 0, 90, 76, 236, 796, 73, 63, 160, 160, 434, 65, 101, 131, 13, 213, 182, 240, 576, 408, 207, 76, 22, 171, 97, 101, 161, 227, 71, 145, 50, 115, 98, 50, 27, 132, 162, 351, 199, 88, 779, 303, 76, 594, 158, 0, 117, 225, 172, 419, 92, 306, 111, 197, 91, 146, 64, 54, 64, 342, 124, 16, 51, 341, 221, 96, 73, 5, 7, 121, 205, 192, 154, 67, 0, 202, 76, 76, 54, 72, 41, 214, 190, 92, 107, 300, 243, 48, 86, 304, 162, 221, 253, 306, 443, 150, 168, 445, 539, 224, 150, 125, 73, 77, 68, 174, 77, 258, 253, 216, 121, 119, 264, 67, 80, 325, 203, 442, 70, 78, 121, 172, 91, 6, 186, 950, 89, 80, 243, 170, 5, 353, 660, 76, 76, 162, 161, 221, 251, 76, 122, 6, 121, 74, 242, 90, 54, 82, 158, 51, 6, 111, 71, 90, 122, 211, 258, 264, 154, 6, 67, 74, 60, 22, 370, 30, 95, 188, 139, 237, 117, 87, 394, 83, 36, 96, 164, 71, 72, 185, 222, 149, 798, 7, 217, 90, 88, 569, 164, 97, 84],
    [ 18, 100, 106, 304, 90, 104, 55, 417, 90, 0, 18, 319, 728, 18, 85, 92, 243, 386, 45, 32, 214, 101, 294, 114, 323, 528, 361, 290, 28, 106, 102, 31, 184, 245, 311, 154, 132, 88, 46, 181, 133, 117, 43, 95, 283, 283, 14, 711, 386, 37, 547, 241, 90, 49, 307, 104, 372, 23, 238, 194, 278, 83, 78, 57, 47, 147, 425, 56, 108, 133, 424, 152, 25, 40, 91, 89, 53, 288, 275, 237, 26, 90, 292, 22, 23, 136, 20, 63, 296, 273, 175, 32, 383, 325, 139, 46, 387, 94, 304, 335, 389, 396, 233, 100, 398, 492, 307, 233, 41, 18, 23, 21, 106, 10, 340, 335, 299, 38, 209, 347, 20, 13, 409, 293, 374, 24, 9, 53, 255, 59, 94, 269, 892, 5, 39, 325, 87, 87, 435, 592, 19, 18, 245, 93, 304, 329, 10, 54, 94, 53, 38, 325, 19, 47, 10, 242, 135, 88, 33, 18, 49, 205, 291, 341, 347, 237, 94, 26, 18, 82, 111, 302, 68, 12, 271, 92, 320, 48, 25, 477, 9, 102, 27, 97, 17, 16, 267, 304, 236, 730, 92, 149, 19, 11, 501, 247, 28, 8],
    [ 6, 86, 92, 323, 76, 117, 49, 403, 76, 18, 0, 305, 741, 4, 71, 106, 229, 405, 30, 46, 200, 87, 282, 127, 309, 565, 379, 276, 20, 92, 116, 32, 170, 231, 297, 140, 129, 74, 60, 167, 119, 103, 77, 108, 296, 269, 33, 724, 372, 33, 581, 227, 76, 62, 293, 117, 391, 37, 251, 180, 266, 80, 91, 30, 19, 133, 411, 69, 94, 119, 410, 166, 41, 34, 77, 75, 67, 274, 261, 223, 11, 76, 278, 4, 7, 122, 6, 32, 282, 259, 161, 52, 369, 311, 125, 43, 373, 107, 290, 321, 375, 414, 219, 113, 417, 527, 293, 219, 70, 4, 5, 9, 119, 11, 326, 321, 285, 56, 195, 333, 10, 25, 395, 279, 387, 12, 11, 66, 241, 56, 80, 255, 906, 23, 35, 311, 115, 73, 421, 606, 3, 1, 231, 106, 289, 320, 11, 67, 80, 67, 33, 311, 35, 20, 27, 228, 121, 75, 56, 5, 46, 191, 279, 327, 333, 223, 80, 11, 3, 68, 97, 315, 54, 26, 257, 78, 306, 62, 12, 463, 28, 88, 41, 110, 6, 6, 254, 291, 219, 743, 78, 162, 35, 33, 514, 233, 42, 19],
    [ 300, 234, 242, 559, 236, 401, 308, 112, 236, 319, 305, 0, 1025, 302, 292, 390, 79, 641, 294, 330, 183, 244, 43, 411, 173, 783, 615, 73, 305, 242, 400, 326, 154, 157, 241, 172, 225, 242, 344, 171, 204, 211, 361, 392, 581, 257, 317, 1008, 203, 305, 801, 195, 236, 347, 57, 401, 626, 321, 535, 197, 54, 257, 375, 294, 283, 189, 238, 353, 220, 200, 220, 450, 325, 302, 233, 242, 351, 99, 74, 106, 296, 236, 258, 305, 305, 201, 301, 270, 85, 204, 165, 336, 200, 72, 188, 316, 362, 391, 65, 21, 239, 650, 97, 397, 652, 746, 63, 184, 354, 302, 306, 297, 403, 306, 26, 21, 78, 350, 327, 86, 296, 309, 383, 266, 672, 299, 307, 351, 131, 321, 227, 64, 1157, 318, 310, 12, 399, 239, 131, 890, 305, 305, 199, 390, 71, 82, 306, 351, 227, 351, 304, 10, 319, 283, 311, 216, 206, 241, 340, 300, 319, 184, 40, 88, 94, 106, 227, 296, 303, 248, 215, 599, 259, 324, 59, 346, 44, 346, 316, 314, 312, 232, 325, 394, 300, 301, 65, 66, 155, 1027, 229, 446, 319, 317, 798, 122, 326, 313],
    [ 736, 806, 811, 647, 796, 630, 762, 1122, 796, 728, 741, 1025, 0, 738, 791, 642, 949, 677, 751, 723, 920, 807, 1001, 622, 1028, 377, 651, 995, 735, 811, 629, 724, 890, 950, 1016, 859, 840, 794, 689, 887, 839, 823, 718, 644, 451, 989, 717, 53, 1092, 745, 376, 947, 796, 691, 1014, 630, 522, 721, 512, 900, 985, 790, 663, 763, 753, 852, 1130, 708, 814, 839, 1130, 589, 711, 747, 797, 795, 679, 993, 980, 942, 732, 796, 998, 741, 741, 842, 737, 769, 1003, 979, 881, 700, 1088, 1030, 845, 753, 1093, 644, 1010, 1041, 1094, 505, 938, 634, 553, 410, 1012, 939, 732, 738, 742, 733, 625, 731, 1046, 1041, 1005, 762, 903, 1052, 732, 721, 1114, 999, 362, 735, 732, 678, 961, 767, 800, 975, 323, 725, 746, 1031, 742, 793, 1141, 141, 741, 741, 951, 643, 1009, 1039, 731, 679, 800, 679, 745, 1031, 718, 753, 724, 948, 840, 794, 705, 736, 757, 911, 999, 1046, 1053, 942, 800, 732, 739, 788, 817, 438, 773, 736, 976, 817, 1025, 684, 752, 1183, 722, 808, 715, 639, 736, 737, 973, 1010, 938, 3, 798, 585, 718, 717, 253, 953, 719, 722],
    [ 4, 83, 89, 323, 73, 114, 45, 399, 73, 18, 4, 302, 738, 0, 68, 102, 225, 405, 24, 33, 197, 84, 279, 124, 305, 562, 379, 273, 16, 88, 113, 30, 166, 227, 293, 137, 125, 71, 56, 163, 115, 100, 74, 104, 293, 265, 29, 721, 369, 29, 577, 224, 73, 59, 290, 114, 390, 34, 248, 177, 261, 76, 88, 26, 15, 130, 407, 66, 90, 116, 407, 162, 38, 30, 73, 72, 63, 271, 258, 219, 7, 73, 275, 4, 5, 119, 2, 28, 279, 256, 158, 49, 365, 308, 121, 39, 370, 104, 287, 318, 371, 414, 215, 110, 416, 523, 289, 216, 66, 1, 5, 5, 116, 9, 323, 318, 281, 54, 192, 330, 6, 21, 391, 276, 384, 8, 10, 63, 238, 52, 77, 251, 902, 21, 31, 308, 112, 69, 418, 602, 3, 5, 228, 103, 286, 312, 9, 63, 77, 63, 29, 307, 31, 16, 24, 224, 117, 71, 53, 2, 42, 188, 276, 323, 329, 219, 77, 7, 2, 65, 93, 312, 50, 37, 253, 82, 303, 58, 15, 460, 25, 84, 37, 107, 3, 3, 250, 287, 215, 740, 75, 159, 31, 30, 511, 230, 39, 17],
    [ 66, 69, 79, 331, 63, 167, 74, 390, 63, 85, 71, 292, 791, 68, 0, 156, 216, 413, 61, 96, 188, 39, 268, 177, 296, 555, 388, 263, 71, 79, 166, 92, 157, 218, 284, 127, 160, 61, 110, 154, 106, 90, 127, 158, 347, 256, 83, 774, 289, 71, 574, 214, 63, 112, 281, 167, 399, 88, 302, 168, 252, 111, 141, 40, 42, 120, 398, 119, 81, 107, 397, 216, 91, 68, 64, 50, 117, 261, 248, 210, 62, 63, 182, 71, 54, 110, 67, 29, 270, 247, 148, 102, 298, 299, 112, 82, 360, 158, 277, 307, 362, 423, 206, 163, 425, 519, 280, 206, 120, 68, 72, 63, 170, 72, 312, 307, 272, 116, 99, 320, 63, 75, 382, 182, 438, 66, 73, 117, 229, 87, 68, 242, 930, 84, 76, 299, 166, 60, 409, 656, 71, 72, 219, 157, 277, 303, 72, 117, 68, 117, 70, 298, 85, 41, 78, 215, 108, 50, 107, 67, 85, 179, 265, 314, 320, 210, 68, 62, 69, 55, 84, 366, 31, 91, 244, 95, 293, 112, 82, 398, 79, 71, 91, 160, 66, 67, 241, 278, 209, 793, 66, 212, 85, 83, 565, 220, 92, 79],
    [ 100, 171, 176, 260, 160, 18, 127, 486, 160, 92, 106, 390, 642, 102, 156, 0, 314, 397, 116, 88, 285, 172, 366, 29, 393, 467, 371, 360, 100, 176, 17, 89, 254, 315, 381, 224, 204, 159, 53, 252, 203, 188, 83, 8, 198, 353, 81, 625, 457, 109, 483, 312, 160, 56, 378, 18, 373, 86, 153, 265, 350, 155, 28, 128, 118, 217, 495, 73, 179, 204, 494, 67, 76, 112, 161, 160, 43, 358, 345, 307, 96, 160, 363, 106, 105, 207, 102, 134, 367, 343, 246, 65, 453, 395, 209, 118, 458, 5, 374, 405, 459, 397, 303, 13, 409, 429, 377, 304, 97, 102, 107, 98, 21, 95, 410, 405, 369, 127, 280, 417, 97, 85, 478, 364, 289, 100, 97, 43, 325, 131, 165, 340, 807, 90, 111, 396, 111, 157, 505, 507, 105, 106, 316, 4, 373, 404, 95, 44, 165, 43, 110, 395, 83, 118, 88, 312, 205, 159, 69, 101, 121, 275, 363, 411, 417, 307, 165, 96, 103, 153, 181, 217, 138, 101, 341, 182, 390, 49, 117, 547, 87, 173, 79, 10, 101, 101, 338, 375, 303, 644, 163, 63, 83, 82, 416, 317, 84, 86],
    [ 223, 186, 165, 483, 160, 325, 232, 182, 160, 243, 229, 79, 949, 225, 216, 314, 0, 564, 218, 254, 223, 167, 96, 335, 213, 706, 539, 56, 229, 165, 324, 250, 67, 197, 280, 118, 265, 218, 267, 83, 128, 148, 285, 316, 504, 297, 241, 932, 146, 229, 725, 235, 160, 270, 72, 325, 550, 245, 459, 236, 94, 234, 299, 217, 207, 103, 184, 277, 143, 129, 184, 374, 249, 226, 156, 166, 275, 44, 113, 145, 220, 160, 170, 229, 228, 124, 225, 194, 61, 243, 78, 260, 142, 90, 127, 239, 401, 315, 69, 108, 278, 574, 137, 321, 576, 670, 72, 224, 278, 225, 230, 221, 327, 230, 110, 108, 64, 274, 250, 112, 220, 232, 422, 178, 595, 223, 231, 274, 13, 244, 150, 34, 1081, 242, 233, 116, 323, 163, 200, 813, 228, 229, 239, 314, 69, 94, 229, 275, 150, 274, 227, 115, 242, 206, 235, 256, 194, 165, 264, 224, 243, 223, 86, 106, 112, 145, 150, 220, 227, 213, 138, 523, 183, 248, 99, 270, 85, 269, 240, 236, 236, 188, 248, 318, 224, 224, 33, 70, 194, 951, 152, 370, 242, 241, 722, 3, 250, 237],
    [ 409, 467, 446, 89, 434, 385, 513, 738, 434, 386, 405, 641, 677, 405, 413, 397, 564, 0, 499, 413, 555, 422, 616, 376, 644, 224, 19, 612, 408, 446, 384, 410, 505, 585, 651, 476, 570, 499, 442, 502, 454, 441, 360, 399, 259, 624, 393, 547, 554, 417, 243, 582, 434, 444, 629, 385, 67, 407, 266, 535, 600, 515, 416, 407, 488, 469, 746, 376, 427, 455, 746, 343, 466, 507, 431, 447, 433, 610, 595, 558, 405, 434, 447, 402, 404, 458, 406, 475, 618, 614, 496, 455, 563, 647, 469, 426, 728, 398, 626, 655, 710, 90, 554, 388, 42, 188, 628, 574, 355, 405, 403, 407, 379, 396, 660, 655, 620, 352, 353, 668, 406, 393, 750, 448, 322, 409, 394, 433, 577, 525, 428, 590, 598, 382, 419, 647, 300, 444, 757, 541, 404, 404, 586, 397, 625, 651, 396, 433, 428, 433, 418, 646, 397, 487, 390, 583, 475, 446, 459, 406, 429, 546, 613, 662, 668, 558, 428, 405, 405, 494, 437, 238, 464, 376, 591, 316, 642, 438, 394, 664, 388, 469, 469, 393, 410, 401, 589, 626, 573, 679, 430, 339, 397, 389, 359, 568, 412, 388],
    [ 24, 75, 81, 418, 65, 127, 27, 391, 65, 45, 30, 294, 751, 24, 61, 116, 218, 499, 0, 36, 189, 76, 271, 137, 297, 575, 474, 265, 16, 80, 126, 32, 159, 219, 285, 129, 107, 40, 69, 156, 108, 92, 87, 118, 306, 258, 42, 734, 361, 18, 590, 216, 65, 72, 283, 127, 485, 36, 261, 169, 255, 58, 101, 28, 18, 122, 400, 79, 83, 109, 399, 176, 51, 14, 66, 64, 76, 263, 250, 211, 21, 65, 268, 28, 24, 112, 23, 29, 272, 248, 151, 62, 358, 300, 114, 28, 362, 117, 279, 310, 363, 509, 207, 123, 511, 605, 281, 208, 80, 24, 29, 22, 129, 31, 315, 310, 274, 76, 185, 321, 22, 34, 383, 269, 397, 17, 32, 76, 230, 34, 69, 244, 915, 44, 23, 300, 125, 62, 410, 615, 26, 31, 220, 116, 278, 309, 31, 77, 69, 76, 16, 300, 44, 18, 37, 217, 109, 64, 66, 23, 32, 180, 268, 316, 322, 211, 69, 21, 26, 33, 86, 325, 43, 50, 245, 106, 295, 71, 41, 452, 38, 54, 41, 120, 25, 26, 243, 279, 207, 753, 67, 172, 44, 43, 524, 222, 39, 39],
    [ 29, 111, 117, 331, 101, 99, 38, 428, 101, 32, 46, 330, 723, 33, 96, 88, 254, 413, 36, 0, 225, 112, 305, 109, 334, 547, 387, 301, 23, 117, 98, 6, 195, 256, 322, 165, 118, 63, 33, 192, 144, 128, 57, 90, 278, 294, 21, 706, 397, 23, 563, 252, 101, 44, 318, 99, 454, 10, 234, 205, 289, 68, 74, 68, 58, 158, 436, 49, 119, 145, 435, 148, 13, 25, 102, 100, 49, 299, 286, 248, 37, 101, 303, 36, 36, 147, 32, 74, 308, 284, 186, 32, 394, 336, 150, 27, 398, 89, 315, 345, 400, 422, 244, 95, 424, 509, 318, 244, 68, 32, 37, 28, 101, 28, 350, 345, 310, 64, 220, 358, 27, 22, 420, 304, 369, 40, 31, 48, 266, 44, 105, 280, 887, 32, 21, 336, 113, 98, 447, 587, 46, 46, 256, 88, 315, 340, 27, 49, 105, 49, 23, 336, 18, 58, 24, 253, 146, 100, 20, 31, 33, 217, 303, 352, 358, 248, 105, 37, 44, 58, 122, 298, 79, 38, 282, 119, 331, 39, 57, 488, 25, 113, 9, 92, 30, 42, 279, 316, 247, 725, 103, 144, 18, 22, 497, 258, 5, 27],
    [ 195, 115, 114, 474, 131, 296, 167, 290, 131, 214, 200, 183, 920, 197, 188, 285, 223, 555, 189, 225, 0, 143, 158, 306, 187, 697, 530, 232, 200, 114, 295, 221, 215, 49, 84, 167, 51, 123, 239, 176, 164, 134, 256, 287, 476, 85, 212, 903, 364, 200, 716, 30, 131, 241, 234, 296, 541, 217, 431, 23, 142, 137, 270, 188, 178, 177, 403, 248, 139, 165, 395, 345, 220, 197, 127, 137, 246, 258, 137, 84, 191, 131, 324, 200, 200, 168, 196, 165, 244, 44, 206, 231, 361, 248, 154, 211, 189, 286, 233, 197, 253, 565, 91, 292, 567, 661, 223, 26, 249, 197, 201, 192, 298, 201, 202, 197, 247, 245, 241, 262, 191, 204, 211, 324, 567, 194, 202, 246, 233, 162, 129, 234, 1072, 213, 205, 190, 295, 132, 309, 785, 200, 201, 34, 285, 251, 259, 201, 246, 129, 246, 199, 189, 214, 178, 207, 44, 87, 136, 235, 196, 214, 10, 155, 264, 270, 82, 129, 191, 198, 129, 142, 495, 154, 219, 133, 260, 221, 241, 211, 455, 208, 114, 220, 289, 195, 196, 246, 235, 36, 922, 127, 341, 214, 212, 694, 225, 221, 208],
    [ 82, 47, 35, 341, 13, 183, 90, 340, 13, 101, 87, 244, 807, 84, 39, 172, 167, 422, 76, 112, 143, 0, 220, 193, 247, 564, 397, 214, 87, 35, 182, 108, 109, 174, 240, 78, 158, 62, 126, 106, 57, 38, 143, 174, 363, 212, 99, 790, 298, 87, 583, 170, 13, 128, 232, 183, 408, 104, 318, 123, 204, 104, 157, 75, 65, 71, 349, 135, 27, 58, 348, 232, 107, 84, 16, 18, 133, 212, 199, 160, 78, 13, 191, 87, 87, 61, 83, 52, 221, 202, 100, 118, 307, 249, 60, 98, 316, 173, 228, 259, 313, 432, 156, 179, 434, 528, 231, 162, 136, 84, 88, 79, 185, 88, 264, 259, 223, 132, 108, 271, 78, 91, 338, 192, 454, 81, 89, 133, 179, 103, 18, 193, 939, 100, 92, 250, 182, 16, 359, 672, 87, 88, 174, 172, 227, 258, 88, 133, 18, 133, 86, 249, 101, 65, 94, 171, 64, 17, 122, 83, 101, 134, 217, 265, 271, 160, 18, 78, 85, 71, 34, 382, 41, 106, 195, 128, 244, 128, 98, 401, 95, 49, 107, 176, 82, 83, 192, 229, 162, 809, 18, 228, 101, 99, 581, 171, 108, 95],
    [ 277, 208, 218, 534, 213, 377, 284, 150, 213, 294, 282, 43, 1001, 279, 268, 366, 96, 616, 271, 305, 158, 220, 0, 386, 148, 758, 590, 91, 282, 218, 376, 301, 129, 132, 216, 149, 200, 216, 320, 146, 179, 188, 337, 368, 557, 232, 292, 984, 237, 281, 776, 170, 213, 323, 93, 377, 601, 297, 511, 169, 24, 231, 352, 270, 260, 165, 275, 329, 196, 177, 255, 426, 300, 278, 210, 218, 327, 117, 44, 80, 273, 213, 233, 282, 282, 177, 278, 245, 103, 179, 140, 312, 233, 107, 164, 292, 336, 367, 93, 57, 214, 625, 78, 373, 627, 721, 83, 159, 329, 279, 283, 274, 380, 283, 62, 57, 106, 325, 303, 122, 273, 284, 358, 241, 648, 276, 284, 327, 106, 297, 203, 93, 1132, 293, 286, 49, 375, 215, 141, 866, 281, 282, 174, 367, 110, 119, 282, 327, 203, 327, 280, 49, 294, 259, 287, 191, 180, 217, 317, 277, 295, 159, 14, 123, 130, 80, 203, 273, 280, 223, 191, 575, 234, 299, 29, 323, 80, 322, 293, 328, 288, 207, 300, 370, 277, 278, 95, 95, 130, 1003, 205, 422, 294, 292, 774, 97, 301, 288],
    [ 122, 192, 198, 271, 182, 7, 148, 508, 182, 114, 127, 411, 622, 124, 177, 29, 335, 376, 137, 109, 306, 193, 386, 0, 415, 446, 350, 382, 121, 198, 10, 111, 275, 337, 403, 246, 226, 180, 74, 273, 224, 209, 104, 31, 177, 375, 102, 605, 478, 131, 462, 333, 182, 76, 399, 7, 352, 107, 132, 286, 370, 176, 49, 149, 139, 239, 517, 93, 200, 225, 516, 47, 98, 133, 183, 181, 65, 380, 365, 329, 118, 182, 384, 127, 127, 228, 123, 155, 388, 365, 267, 87, 475, 417, 230, 139, 479, 30, 396, 425, 481, 376, 325, 14, 388, 408, 399, 325, 118, 123, 128, 119, 4, 116, 430, 425, 391, 148, 301, 439, 118, 106, 501, 385, 268, 121, 118, 65, 347, 152, 186, 361, 786, 111, 132, 417, 135, 179, 527, 486, 126, 127, 337, 29, 396, 421, 116, 65, 186, 65, 131, 417, 104, 139, 109, 334, 226, 180, 91, 122, 142, 297, 383, 433, 439, 329, 186, 118, 125, 174, 202, 196, 159, 122, 361, 203, 412, 71, 138, 569, 108, 194, 101, 19, 122, 123, 359, 396, 328, 624, 184, 43, 104, 103, 395, 339, 106, 107],
    [ 303, 237, 245, 563, 240, 404, 311, 178, 240, 323, 309, 173, 1028, 305, 296, 393, 213, 644, 297, 334, 187, 247, 148, 415, 0, 786, 619, 222, 308, 245, 403, 330, 228, 95, 73, 176, 230, 245, 347, 184, 208, 214, 364, 395, 584, 138, 320, 1011, 354, 308, 805, 113, 240, 350, 223, 404, 630, 325, 539, 198, 132, 260, 379, 297, 286, 192, 392, 356, 223, 203, 386, 453, 329, 305, 236, 245, 354, 247, 127, 109, 299, 240, 357, 309, 308, 204, 305, 274, 233, 92, 219, 339, 350, 239, 191, 319, 365, 394, 225, 188, 69, 654, 101, 400, 656, 750, 215, 107, 358, 305, 310, 301, 406, 310, 193, 188, 236, 354, 330, 252, 300, 313, 386, 366, 675, 303, 310, 354, 222, 324, 230, 224, 1161, 322, 313, 179, 403, 242, 154, 893, 308, 309, 119, 393, 240, 249, 309, 354, 230, 354, 307, 179, 322, 286, 315, 219, 209, 244, 343, 304, 322, 187, 146, 254, 260, 106, 230, 299, 306, 251, 218, 603, 263, 328, 122, 350, 211, 349, 320, 444, 316, 235, 328, 397, 304, 304, 236, 226, 159, 1030, 232, 449, 322, 321, 802, 214, 330, 317],
    [ 560, 609, 588, 238, 576, 455, 655, 880, 576, 528, 565, 783, 377, 562, 555, 467, 706, 224, 575, 547, 697, 564, 758, 446, 786, 0, 215, 754, 559, 588, 454, 549, 647, 727, 793, 618, 712, 641, 512, 644, 596, 583, 503, 469, 257, 766, 540, 339, 697, 569, 34, 724, 576, 514, 771, 455, 161, 545, 336, 677, 742, 657, 487, 549, 630, 611, 888, 531, 569, 597, 888, 413, 536, 571, 573, 589, 503, 752, 737, 700, 556, 576, 589, 544, 565, 600, 561, 617, 760, 756, 638, 525, 705, 789, 611, 577, 870, 468, 768, 797, 852, 146, 696, 459, 194, 51, 770, 716, 497, 561, 545, 557, 449, 554, 802, 797, 762, 494, 495, 810, 556, 544, 892, 590, 181, 559, 536, 503, 719, 667, 570, 732, 390, 524, 570, 789, 443, 586, 899, 242, 564, 565, 728, 467, 767, 793, 554, 503, 570, 503, 569, 788, 542, 630, 547, 725, 617, 588, 529, 560, 580, 688, 755, 804, 810, 700, 570, 556, 563, 636, 579, 278, 606, 518, 733, 459, 784, 509, 537, 806, 546, 611, 539, 463, 560, 561, 731, 768, 715, 380, 572, 409, 542, 541, 149, 710, 544, 530],
    [ 384, 441, 421, 64, 408, 359, 488, 713, 408, 361, 379, 615, 651, 379, 388, 371, 539, 19, 474, 387, 530, 397, 590, 350, 619, 215, 0, 586, 382, 421, 358, 384, 480, 560, 626, 450, 544, 474, 417, 477, 429, 415, 335, 373, 234, 598, 367, 538, 529, 392, 234, 557, 408, 419, 603, 359, 58, 381, 240, 510, 574, 490, 391, 382, 462, 443, 721, 351, 402, 429, 720, 318, 440, 481, 406, 421, 408, 584, 569, 533, 380, 408, 421, 376, 379, 432, 380, 449, 592, 588, 471, 429, 538, 621, 443, 401, 703, 373, 600, 630, 685, 82, 529, 363, 43, 179, 603, 549, 330, 380, 377, 381, 353, 370, 635, 630, 595, 326, 328, 643, 380, 368, 724, 422, 297, 383, 368, 407, 551, 500, 403, 565, 590, 356, 393, 621, 275, 419, 731, 516, 378, 379, 561, 372, 600, 625, 370, 408, 402, 408, 392, 621, 372, 462, 365, 557, 450, 421, 433, 380, 404, 521, 588, 637, 643, 533, 403, 380, 380, 468, 412, 213, 438, 351, 565, 291, 616, 413, 369, 638, 362, 443, 444, 368, 384, 376, 563, 600, 548, 654, 404, 314, 372, 364, 350, 543, 386, 363],
    [ 271, 233, 212, 530, 207, 371, 279, 136, 207, 290, 276, 73, 995, 273, 263, 360, 56, 612, 265, 301, 232, 214, 91, 382, 222, 754, 586, 0, 276, 212, 370, 297, 114, 206, 290, 165, 274, 265, 315, 130, 175, 195, 331, 362, 551, 306, 288, 979, 150, 275, 772, 244, 207, 317, 27, 371, 597, 292, 507, 245, 102, 281, 346, 264, 254, 151, 190, 323, 190, 171, 190, 420, 296, 272, 204, 212, 321, 27, 122, 155, 267, 207, 217, 276, 276, 171, 272, 241, 16, 252, 125, 307, 147, 44, 174, 286, 411, 362, 23, 61, 287, 621, 146, 367, 623, 717, 25, 234, 325, 273, 277, 268, 374, 277, 63, 61, 19, 321, 297, 66, 267, 280, 432, 226, 642, 270, 278, 321, 69, 291, 197, 23, 1128, 289, 280, 69, 371, 210, 155, 860, 276, 276, 249, 361, 23, 53, 277, 321, 197, 321, 274, 68, 290, 254, 283, 265, 241, 211, 311, 271, 289, 232, 89, 60, 67, 155, 197, 267, 274, 260, 185, 571, 230, 295, 105, 317, 38, 317, 287, 241, 284, 235, 296, 364, 271, 272, 24, 24, 204, 998, 199, 416, 290, 288, 770, 56, 297, 284],
    [ 14, 86, 92, 326, 76, 111, 32, 402, 76, 28, 20, 305, 735, 16, 71, 100, 229, 408, 16, 23, 200, 87, 282, 121, 308, 559, 382, 276, 0, 91, 110, 19, 169, 230, 296, 140, 112, 54, 53, 167, 118, 103, 64, 102, 290, 268, 27, 718, 372, 16, 575, 227, 76, 56, 293, 111, 393, 20, 245, 180, 264, 63, 85, 43, 33, 133, 410, 63, 94, 119, 410, 160, 28, 17, 76, 75, 61, 274, 261, 222, 11, 76, 278, 19, 19, 122, 16, 49, 282, 259, 161, 46, 368, 311, 124, 26, 373, 101, 290, 321, 374, 417, 218, 107, 419, 521, 292, 219, 63, 16, 21, 11, 113, 16, 326, 321, 285, 59, 195, 333, 12, 16, 394, 279, 381, 11, 17, 60, 241, 39, 80, 254, 900, 27, 18, 311, 108, 72, 421, 600, 17, 21, 231, 100, 290, 315, 15, 61, 80, 61, 16, 310, 28, 32, 20, 227, 120, 74, 35, 15, 29, 191, 279, 326, 332, 222, 80, 11, 16, 49, 96, 309, 53, 33, 256, 96, 306, 56, 31, 463, 21, 87, 24, 104, 15, 16, 253, 290, 218, 737, 78, 156, 28, 23, 508, 233, 22, 22],
    [ 86, 28, 1, 364, 22, 187, 94, 339, 22, 106, 92, 242, 811, 88, 79, 176, 165, 446, 80, 117, 114, 35, 218, 198, 245, 588, 421, 212, 91, 0, 186, 113, 106, 144, 210, 76, 128, 41, 130, 103, 55, 24, 147, 178, 367, 182, 103, 794, 309, 91, 607, 140, 22, 133, 230, 187, 432, 108, 322, 94, 202, 74, 162, 80, 69, 69, 347, 139, 30, 56, 347, 236, 112, 88, 18, 28, 137, 210, 197, 129, 82, 22, 215, 92, 91, 59, 88, 57, 219, 172, 97, 122, 305, 247, 45, 102, 286, 177, 227, 257, 311, 456, 155, 183, 458, 552, 229, 132, 141, 88, 93, 84, 189, 93, 262, 257, 221, 137, 132, 269, 83, 95, 308, 215, 458, 86, 93, 137, 178, 107, 20, 191, 963, 105, 96, 248, 186, 23, 357, 676, 91, 92, 144, 176, 225, 256, 92, 137, 20, 137, 90, 247, 105, 69, 98, 141, 34, 27, 126, 87, 105, 104, 215, 263, 269, 135, 20, 82, 89, 48, 33, 386, 46, 111, 193, 151, 242, 132, 103, 399, 99, 27, 111, 180, 87, 87, 190, 227, 132, 813, 18, 232, 105, 104, 585, 169, 113, 100],
    [ 111, 181, 186, 279, 171, 4, 136, 497, 171, 102, 116, 400, 629, 113, 166, 17, 324, 384, 126, 98, 295, 182, 376, 10, 403, 454, 358, 370, 110, 186, 0, 99, 264, 325, 391, 234, 214, 169, 63, 262, 213, 198, 93, 14, 185, 364, 91, 612, 467, 119, 470, 322, 171, 66, 388, 3, 360, 96, 140, 275, 360, 165, 38, 138, 128, 227, 505, 83, 189, 214, 505, 54, 86, 122, 171, 170, 54, 368, 355, 317, 107, 171, 373, 116, 116, 217, 112, 144, 377, 354, 256, 75, 463, 405, 219, 128, 468, 19, 385, 415, 469, 384, 313, 5, 396, 416, 387, 314, 107, 113, 117, 108, 6, 105, 420, 415, 379, 137, 290, 427, 107, 95, 489, 374, 276, 110, 107, 53, 336, 141, 175, 349, 794, 100, 121, 406, 124, 168, 515, 494, 115, 116, 326, 18, 384, 414, 105, 54, 175, 54, 120, 406, 93, 128, 98, 322, 215, 169, 79, 111, 131, 285, 373, 421, 428, 317, 175, 107, 114, 163, 191, 204, 148, 111, 351, 191, 400, 59, 127, 557, 97, 183, 89, 10, 111, 112, 348, 385, 313, 631, 173, 50, 93, 92, 403, 327, 94, 96],
    [ 27, 107, 113, 328, 97, 100, 33, 424, 97, 31, 32, 326, 724, 30, 92, 89, 250, 410, 32, 6, 221, 108, 301, 111, 330, 549, 384, 297, 19, 113, 99, 0, 191, 252, 318, 161, 113, 58, 35, 188, 139, 124, 58, 91, 280, 290, 22, 707, 393, 18, 565, 248, 97, 46, 314, 100, 396, 12, 235, 201, 285, 63, 75, 64, 54, 154, 432, 50, 115, 140, 431, 149, 14, 20, 98, 96, 50, 295, 282, 244, 25, 97, 299, 33, 33, 143, 29, 70, 303, 280, 182, 33, 390, 332, 145, 22, 394, 90, 311, 342, 396, 419, 240, 96, 422, 511, 314, 240, 65, 30, 34, 25, 102, 25, 347, 342, 306, 61, 216, 354, 24, 19, 416, 300, 371, 30, 28, 50, 262, 40, 101, 276, 889, 30, 16, 332, 111, 94, 442, 589, 31, 32, 252, 89, 311, 336, 24, 50, 101, 50, 18, 332, 19, 54, 23, 249, 90, 95, 21, 28, 28, 212, 298, 348, 354, 244, 101, 25, 29, 53, 117, 299, 74, 36, 278, 116, 327, 41, 43, 484, 24, 73, 10, 93, 27, 29, 274, 311, 243, 726, 99, 145, 19, 23, 498, 254, 8, 24],
    [ 164, 127, 106, 423, 101, 265, 173, 240, 101, 184, 170, 154, 890, 166, 157, 254, 67, 505, 159, 195, 215, 109, 129, 275, 228, 647, 480, 114, 169, 106, 264, 191, 0, 192, 277, 59, 230, 159, 208, 19, 69, 89, 226, 256, 445, 284, 181, 873, 210, 169, 666, 231, 101, 211, 131, 266, 491, 186, 400, 195, 127, 175, 240, 158, 147, 44, 249, 218, 84, 69, 248, 314, 190, 166, 97, 107, 215, 112, 147, 142, 160, 101, 132, 170, 169, 66, 166, 135, 120, 240, 17, 201, 207, 149, 68, 181, 388, 256, 128, 166, 294, 515, 138, 262, 517, 611, 131, 220, 218, 166, 171, 162, 268, 170, 169, 166, 123, 215, 191, 171, 161, 173, 409, 141, 536, 164, 171, 215, 79, 186, 91, 93, 1021, 183, 174, 160, 264, 104, 259, 755, 169, 170, 235, 255, 128, 153, 170, 215, 91, 215, 168, 159, 183, 147, 176, 242, 135, 106, 205, 165, 184, 206, 120, 165, 171, 142, 91, 160, 167, 154, 79, 464, 124, 189, 129, 211, 144, 210, 181, 301, 177, 128, 189, 259, 165, 165, 91, 128, 190, 892, 93, 310, 183, 182, 663, 71, 191, 178],
    [ 225, 145, 144, 503, 161, 326, 198, 264, 161, 245, 231, 157, 950, 227, 218, 315, 197, 585, 219, 256, 49, 174, 132, 337, 95, 727, 560, 206, 230, 144, 325, 252, 192, 0, 78, 140, 91, 153, 269, 150, 172, 164, 286, 317, 506, 124, 242, 933, 337, 230, 746, 44, 161, 272, 208, 326, 571, 247, 461, 62, 116, 168, 301, 219, 208, 157, 376, 278, 169, 168, 369, 375, 251, 227, 157, 167, 276, 231, 111, 58, 221, 161, 322, 231, 230, 168, 227, 196, 217, 41, 184, 261, 334, 222, 156, 241, 228, 316, 209, 171, 161, 595, 65, 322, 597, 691, 198, 33, 280, 227, 232, 223, 328, 232, 176, 171, 220, 276, 271, 236, 222, 234, 249, 330, 597, 225, 232, 276, 206, 192, 159, 208, 1102, 244, 235, 163, 325, 162, 283, 815, 230, 231, 48, 315, 224, 233, 231, 276, 159, 276, 229, 163, 244, 208, 237, 82, 117, 166, 265, 226, 244, 49, 129, 238, 244, 56, 159, 221, 228, 159, 172, 525, 185, 250, 107, 290, 194, 271, 242, 428, 238, 143, 250, 319, 226, 226, 220, 210, 10, 952, 157, 371, 244, 243, 724, 198, 252, 239],
    [ 291, 211, 210, 569, 227, 392, 264, 250, 227, 311, 297, 241, 1016, 293, 284, 381, 280, 651, 285, 322, 84, 240, 216, 403, 73, 793, 626, 290, 296, 210, 391, 318, 277, 78, 0, 225, 131, 219, 335, 233, 257, 229, 352, 383, 571, 66, 308, 999, 421, 296, 811, 55, 227, 337, 291, 392, 637, 313, 527, 103, 200, 234, 367, 284, 274, 242, 460, 344, 235, 253, 453, 441, 317, 293, 223, 232, 342, 315, 195, 142, 287, 227, 406, 296, 296, 253, 293, 261, 301, 39, 269, 327, 418, 305, 240, 306, 204, 382, 291, 255, 142, 660, 148, 388, 663, 757, 281, 54, 345, 293, 297, 288, 394, 297, 260, 255, 304, 342, 336, 320, 288, 300, 226, 415, 662, 291, 298, 341, 290, 258, 225, 292, 1167, 310, 301, 247, 391, 228, 227, 880, 296, 297, 56, 381, 308, 317, 297, 342, 225, 342, 295, 246, 310, 274, 303, 109, 183, 232, 331, 292, 310, 90, 213, 321, 328, 140, 225, 287, 294, 225, 238, 591, 251, 316, 190, 356, 278, 337, 308, 512, 304, 209, 316, 385, 292, 292, 304, 293, 84, 1018, 223, 437, 310, 308, 790, 282, 318, 305],
    [ 135, 97, 76, 394, 71, 235, 142, 281, 71, 154, 140, 172, 859, 137, 127, 224, 118, 476, 129, 165, 167, 78, 149, 246, 176, 618, 450, 165, 140, 76, 234, 161, 59, 140, 225, 0, 199, 129, 178, 40, 39, 40, 195, 226, 415, 241, 152, 843, 261, 139, 636, 179, 71, 181, 183, 235, 461, 156, 370, 164, 133, 145, 210, 128, 118, 18, 300, 187, 54, 35, 299, 284, 160, 136, 68, 76, 185, 163, 128, 89, 131, 71, 188, 140, 140, 35, 136, 105, 172, 188, 50, 170, 258, 200, 21, 150, 345, 226, 180, 188, 242, 485, 86, 231, 487, 581, 182, 168, 189, 137, 141, 132, 238, 141, 193, 188, 174, 185, 161, 222, 131, 144, 367, 197, 506, 134, 142, 185, 130, 155, 61, 144, 992, 153, 144, 178, 234, 74, 299, 724, 139, 140, 183, 225, 178, 209, 140, 185, 61, 185, 138, 178, 153, 117, 146, 200, 105, 75, 175, 135, 153, 168, 146, 216, 222, 89, 61, 131, 138, 124, 49, 434, 94, 159, 124, 181, 195, 180, 151, 352, 147, 99, 159, 228, 135, 136, 143, 180, 138, 862, 63, 280, 153, 152, 633, 122, 161, 148],
    [ 123, 129, 129, 488, 145, 215, 85, 332, 145, 132, 129, 225, 840, 125, 160, 204, 265, 570, 107, 118, 51, 158, 200, 226, 230, 712, 544, 274, 112, 128, 214, 113, 230, 91, 131, 199, 0, 97, 158, 227, 179, 148, 169, 206, 395, 96, 131, 823, 406, 95, 730, 77, 145, 161, 275, 216, 556, 123, 350, 43, 184, 58, 190, 137, 127, 192, 444, 168, 153, 179, 439, 264, 126, 96, 141, 151, 165, 299, 180, 126, 120, 145, 338, 128, 128, 182, 125, 138, 286, 91, 221, 151, 402, 291, 169, 102, 195, 206, 277, 240, 296, 579, 134, 212, 582, 676, 267, 76, 168, 125, 129, 120, 218, 130, 245, 240, 288, 164, 255, 304, 121, 121, 217, 339, 486, 120, 131, 165, 275, 80, 143, 276, 1004, 132, 98, 231, 213, 147, 351, 704, 126, 129, 82, 205, 293, 301, 130, 165, 143, 165, 96, 231, 133, 126, 125, 54, 101, 151, 133, 124, 106, 42, 198, 306, 312, 125, 143, 120, 125, 104, 156, 414, 169, 138, 175, 205, 263, 160, 140, 496, 126, 128, 122, 209, 124, 125, 288, 278, 79, 842, 141, 261, 133, 127, 613, 266, 120, 127],
    [ 69, 16, 41, 418, 50, 170, 37, 348, 50, 88, 74, 242, 794, 71, 61, 159, 218, 499, 40, 63, 123, 62, 216, 180, 245, 641, 474, 265, 54, 41, 169, 58, 159, 153, 219, 129, 97, 0, 113, 156, 108, 78, 130, 161, 350, 191, 86, 777, 362, 43, 660, 149, 50, 115, 283, 170, 485, 90, 304, 103, 200, 45, 144, 53, 52, 122, 400, 122, 83, 109, 400, 219, 94, 40, 71, 48, 120, 263, 195, 138, 65, 50, 268, 74, 74, 112, 70, 38, 273, 181, 150, 105, 358, 300, 83, 53, 296, 160, 280, 255, 311, 509, 146, 166, 511, 605, 282, 141, 123, 71, 75, 66, 172, 75, 260, 255, 275, 119, 185, 322, 65, 78, 316, 269, 441, 68, 76, 120, 231, 49, 73, 244, 958, 87, 47, 248, 168, 47, 367, 658, 74, 74, 153, 159, 279, 309, 75, 120, 73, 120, 41, 247, 88, 52, 80, 150, 32, 48, 109, 69, 57, 113, 213, 316, 323, 144, 73, 65, 72, 7, 87, 368, 36, 93, 191, 150, 295, 115, 85, 453, 81, 15, 67, 163, 69, 70, 243, 280, 141, 796, 71, 215, 88, 86, 567, 223, 65, 82],
    [ 54, 125, 130, 309, 115, 64, 80, 441, 115, 46, 60, 344, 689, 56, 110, 53, 267, 442, 69, 33, 239, 126, 320, 74, 347, 512, 417, 315, 53, 130, 63, 35, 208, 269, 335, 178, 158, 113, 0, 205, 157, 142, 30, 55, 244, 307, 35, 672, 411, 63, 528, 266, 115, 8, 332, 65, 419, 29, 199, 219, 304, 109, 38, 82, 71, 171, 449, 23, 132, 158, 449, 113, 22, 66, 115, 114, 14, 312, 299, 261, 50, 115, 317, 60, 59, 161, 56, 87, 321, 298, 200, 10, 407, 350, 163, 72, 412, 55, 329, 360, 413, 443, 257, 61, 454, 474, 331, 258, 44, 56, 61, 52, 67, 49, 365, 360, 323, 81, 234, 371, 51, 39, 433, 318, 335, 54, 50, 14, 280, 85, 119, 293, 853, 44, 65, 350, 91, 111, 460, 553, 59, 60, 270, 54, 328, 359, 49, 14, 119, 14, 64, 350, 28, 71, 42, 266, 159, 113, 15, 55, 75, 230, 318, 365, 372, 261, 119, 50, 57, 107, 135, 263, 92, 55, 295, 135, 344, 7, 71, 502, 40, 126, 25, 57, 55, 55, 292, 329, 257, 691, 117, 109, 28, 35, 462, 272, 30, 40],
    [ 161, 124, 103, 420, 98, 263, 170, 257, 98, 181, 167, 171, 887, 163, 154, 252, 83, 502, 156, 192, 176, 106, 146, 273, 184, 644, 477, 130, 167, 103, 262, 188, 19, 150, 233, 40, 227, 156, 205, 0, 66, 86, 223, 254, 442, 250, 179, 870, 227, 167, 663, 187, 98, 208, 148, 263, 488, 183, 397, 192, 144, 172, 237, 155, 145, 33, 265, 215, 81, 67, 265, 312, 187, 164, 94, 104, 213, 128, 101, 98, 158, 98, 153, 167, 166, 63, 163, 132, 137, 196, 6, 198, 223, 166, 65, 178, 354, 253, 145, 183, 250, 512, 94, 259, 514, 608, 147, 176, 216, 163, 168, 159, 265, 168, 185, 183, 139, 212, 188, 187, 158, 170, 376, 162, 533, 161, 168, 212, 96, 183, 88, 109, 1019, 180, 171, 177, 261, 101, 276, 752, 166, 167, 191, 252, 144, 175, 167, 213, 88, 212, 165, 176, 180, 144, 173, 209, 132, 103, 202, 162, 181, 176, 137, 181, 188, 98, 88, 158, 164, 151, 76, 461, 121, 186, 87, 208, 160, 207, 178, 318, 174, 126, 186, 256, 162, 162, 108, 145, 147, 889, 90, 308, 180, 179, 660, 88, 188, 175],
    [ 113, 76, 55, 372, 50, 214, 122, 301, 50, 133, 119, 204, 839, 115, 106, 203, 128, 454, 108, 144, 164, 57, 179, 224, 208, 596, 429, 175, 118, 55, 213, 139, 69, 172, 257, 39, 179, 108, 157, 66, 0, 33, 174, 205, 394, 232, 130, 822, 271, 118, 615, 191, 50, 160, 192, 214, 440, 135, 349, 144, 163, 124, 189, 107, 96, 25, 310, 167, 27, 3, 309, 263, 139, 115, 46, 55, 164, 173, 160, 121, 109, 50, 198, 118, 118, 7, 115, 83, 181, 220, 60, 150, 268, 210, 28, 129, 337, 205, 189, 218, 274, 464, 118, 211, 466, 560, 192, 183, 167, 115, 120, 110, 217, 119, 223, 218, 184, 164, 140, 232, 110, 122, 358, 206, 485, 113, 120, 164, 140, 134, 36, 154, 970, 132, 123, 210, 213, 53, 320, 703, 118, 119, 195, 204, 189, 214, 119, 164, 35, 164, 117, 210, 132, 96, 125, 191, 84, 55, 154, 114, 132, 155, 176, 226, 232, 121, 36, 109, 116, 103, 23, 413, 72, 138, 156, 159, 205, 159, 130, 362, 126, 77, 138, 207, 114, 114, 152, 189, 170, 841, 37, 259, 132, 130, 612, 132, 140, 127],
    [ 98, 44, 24, 359, 27, 199, 106, 321, 27, 117, 103, 211, 823, 100, 90, 188, 148, 441, 92, 128, 134, 38, 188, 209, 214, 583, 415, 195, 103, 24, 198, 124, 89, 164, 229, 40, 148, 78, 142, 86, 33, 0, 159, 190, 379, 202, 115, 806, 291, 103, 601, 160, 27, 144, 213, 199, 427, 119, 333, 114, 172, 94, 173, 91, 81, 39, 330, 151, 21, 33, 329, 248, 123, 100, 24, 34, 149, 193, 167, 128, 94, 27, 209, 103, 103, 37, 99, 68, 202, 192, 80, 134, 288, 230, 22, 114, 306, 189, 209, 227, 280, 450, 124, 195, 453, 547, 212, 152, 152, 100, 104, 95, 201, 104, 232, 227, 204, 148, 126, 252, 94, 107, 327, 210, 470, 97, 105, 149, 160, 119, 21, 174, 957, 116, 108, 217, 197, 31, 340, 688, 103, 103, 164, 188, 208, 239, 104, 149, 21, 149, 102, 217, 117, 81, 109, 161, 54, 34, 138, 98, 117, 124, 185, 246, 252, 128, 21, 94, 101, 87, 11, 397, 57, 122, 162, 146, 225, 144, 114, 382, 110, 46, 123, 192, 98, 99, 173, 210, 152, 825, 23, 244, 117, 115, 596, 152, 124, 111],
